—122-

295, 197, 199·201‚ 237, 264, 274, 276, 82202 ou Brie, 2. Simon de.
291, 295, 296, 300, 327. 8221210, 52.

8216222202, 8., Ο. Ρ., 98.

821220, F„ 45.

8212220, 207, 117,127‚ 246.

8226222, 2. 801226.

8226220 82220120, 290.

822602120202, 0., 54.

822-2222-212260, 2. Ν100122 60.

82222010227-52222-Η212220, 263, 284.

82212010220222, 8., O. Ρ., 98. ”

822210, 82222, 57, 274.

822229222202, 64, 258,

86222222, 293, 294, 306, 325.

8022220222, v. 62262202 60.

8060, 294.

8020, 2. 22222227 de.

8022022220 62 122012, 296.

8022226 60 1310222022, 64.

8022226 Oui, v. Gui.

802220260Ν2201102,87,235,265-269,288.

80222202, 1.-1., 48, 3 26.

8122222110, Η. 60, 52.

8000200, 286.

80000 60 82020, 25, 42, 226, 225, 244,
245, 227, 234-236, 239-247, 263, 268-
272, 282, 283, 287-292, 307, 320, 322,
324.

Gange, v. Du Cange.

6222222926, v. Thomas de.

Cary, H.-F., 78.

622210, 86022220 da.

6222206020, 24, 25.

6222022, F ., 84, 273276, 286, 289.

61222102 62122022, 225, 228.

61222102, 8., 28, 30, 32, 37, 38, 63, 68,
72, 206, 242, 260.

6122222202, 2. 62222227 60.

6122202220222, v. Eudes 60.

6120221222, L., 52.

62202202 60 80222222, 83.

6290112 62210, 77, 80, 82, 85, 86, 88,
232, 264, 274, 278, 295, 300.

612922οΙ1, 82012226, 252.

6122020, 2. Α2901ο 62.

61022022 lv, 81, 206.

610222022, v. 8022226 60.

6102221, Α, 25.

6022260202, 243, 244.

60220161, 62,-Μ, 306.

6022020, 2. Helie de.

6022221220, Μ.. 63.

60222902, 2. 806022 60.

60022222, v. Siger de.

Cousin, 24, 26, 240, 242.

62022020, 2. 801226 60.

80000, M.-S., 24, 25, 240-242, 294.
80012202, J.-F., 279, 280.
801122622202, 52.

80222022020, 82222, 63, 82, 83, 206, 82020, v. 80000 60.

207, 223, 273, 278, 229, 226, 259, 293. Dacus Bonus, 245.
Bonus Dacus, 245. Dante, 55, 76, 78, 79, 223, 202, 202,
Bonush0m0‚ 8., Ο. Ρ., 98. 244, 273, 274, 277, 278, 282, 283, 290,
8029202, 25, 52, 237, 238. 293-327.
80222222, 52. 82220, Ρ20220 62, 295, 305.
8000120220, Α., 275, 290. · 82216 60 82222, 27, 29.
8221222211120120160259. 8012210, 1.., 78, 79, 89, 9ο, 209, 228.
„. v. Siger 60. 8022110-6122201222, 26-32, 33, 35-37, 39,
- v. Simon de. 42,45,46, 62, 63, 67, 7ο, 72,73, 82-
82022220, Franz, 184. 83, 88, 93-96, 98-200, 202, 205-222,
82020222, 2. 1022 60. 220-222, 227-229, 244, 245, 249, 272,
820202, 2. Gui. 276, 278-282, 292, 294, 200, 206, 208-
8202202, 1.-5., 59, 68, 72, 206, 208, 220, 226, 229, 230, 232, 233, 235, 238, 240,
256, 258, 260. 243-246, 248-252, 254, 255, 263, 267-
8226902, 1.-Η., 25, 38, 42, 222, 255, 256. 269, 287, 289.

 

