-,,,..

(1011120100 60 82101-1110001, 48, 72, 76,
79, 8086, 8891, 92, 105-111, 125,
285, 289, 313.

0011120100 60 Tocc0, 56, 60, 77, 8083,
85, 86, 9092, 118, 127, 274, 318.

0011120010 60 Tulle, 94, 95.

(11111ος11010, 1. 8190160.

Hales, v. 1110120610 60.

Η202001, 298.

Haneberg, Β., 52.“

Η20005, 1., 185.

Η21110200 80110601), 121.

Η201020, 8., 26, 28, 29, 31, 32, 33,
35, 36, 47, 52, 103, 120, 140145, 176,
200, 217, 223, 232, 235, 237, 239, 241-
244, 249, 253255.

1120512111, Α., 280.

Helie de 0011000, 112.

Ηο10010, 0., 87-89.

Ηο0001, 0., 284.

Ηο011600206, 64, 101, 102, 109, 230,
232.

Ηο01160 Ηο1101612, 51.

Ηο1111014, (1.1. 52, 53.

1101101612, 1. Ηο01160.

Ηο11001, Η., 316.

Η1160111206, Η., 194.

Ηο110011019, 111.-Α., 63.

Ηο001105 111, 304.

Ηο111210 ou Hozun, 1. 0011120100 de.

11030056082101-01101, 45, 63.

1101011011 60 Romans, 48, 67, 112.

Ibn Roschd, 1. 11100005.
1110 Sina, 1. 1111001100.
10000001 111, 251.
Isidore de 8011110, 294.
15001210, 115.

Jacob, Ρ., 264.

12009000 62 Todi, 112.

Jacques d'Acqui, 109.
- d’Aragon‚ 135.
- de Ρ212615, 299.
— 60 Vitry, 47, 298.
- 60 voragine, 299.

Jnmmy, Ρ., 51.
1020 11111, 226, 228, 229, 246, 250, 260,
108330202500110, 174.

- d'Aunay, 299.

- 60 81050210, 7ο.
- 60 0010300, 97.
- dela 1100110110, 63, 258.
- 60 Naples, 248.
- 60 52101-011105, 47.
- 60 5211511017, 28, 143, 144, 194.
- 60 11010011, 81, 260.
- Philop0n‚ 164.
101120 60 Meung, 273.
161601061150011, 260, 261.
105500, 0., 52.
1020111111 60 Flore, 48, 111, 293, 317.
1001, Μ., 52.
1011162111 Α. 01 011, 24, 25, 27, 29, 33,
51, 53-54, 56, 134, 189, 240, 241.
10016210, 011, 27, 71.
- 60 Ρ150, 111.
1011102111. 84, 305.

1101170 60 1000011010, 78.
1111021667, 11011011, 63, 150, 249251.
1102001, V., 184.

1110001010, 1.·Η., 27.

11202112,1.-Ρ., 296.

121216, F. 31, 217,

12091015,011.1’., 115, 149, 159.

12110015, 1., 31.

12100550, Ρ., 111.

120100108091010110, 88.

102, Η. 0., 287.

10 01010, V., 75-79, 8387, 90, 140, 200,
264, 272, 296, 297 310.

1000111110, Η., 55, 194.

10007 60 12 11210110, 223.

1οΙ003, 88.

10551005, 1. 011105 60.

1111110,1,, 297.

11510011, 1. Nicolas de.

111110, Α., 112.

101011216, 1. Ρ10110.

10015 60 11211260Ιί6, 51.

 

